   3.8000000000000000e+01
   1.4300000000000000e+02
   8.0000000000000000e+00
   1.0200000000000000e+02
   3.4000000000000000e+01
   9.4000000000000000e+01
   6.9000000000000000e+01
   1.3700000000000000e+02
   1.2300000000000000e+02
   4.0000000000000000e+01
   5.3000000000000000e+01
   1.0000000000000000e+01
   8.9000000000000000e+01
   1.1200000000000000e+02
   4.3000000000000000e+01
   7.0000000000000000e+01
   4.9000000000000000e+01
   7.1000000000000000e+01
   9.8000000000000000e+01
   1.4000000000000000e+02
   1.4800000000000000e+02
   9.5000000000000000e+01
   5.9000000000000000e+01
   2.0000000000000000e+01
   7.0000000000000000e+00
   1.2100000000000000e+02
   6.4000000000000000e+01
   3.9000000000000000e+01
   5.7000000000000000e+01
   1.0800000000000000e+02
   1.2400000000000000e+02
   2.1000000000000000e+01
   1.2800000000000000e+02
   9.3000000000000000e+01
   9.7000000000000000e+01
   2.0000000000000000e+00
   1.0500000000000000e+02
   4.7000000000000000e+01
   7.3000000000000000e+01
   4.1000000000000000e+01
